-0.4555636316564424 -18.911272900119485 -17.57580192024762 
-23.55875514564584 6.598009959643903 -10.625888689552191 
-24.42584091724723 4.9930099332619235 -12.735880546662088 
-19.978155725873375 -1.4176458766452171 27.12701039337516 
16.716948754537526 -28.36142476953789 3.765118603574095 
10.444172454566477 24.123470965868798 -2.2365111287011636 
26.833980294385945 -28.543517794523364 -9.590409141957451 
-6.623990390641708 -3.2690147325789773 -20.671153600847262 
-29.098902354786983 -24.24896541176463 -12.343400247844393 
12.94957700406431 14.92582931672112 13.17070158519541 
-5.421847148771782 16.132266525184555 -9.895893470853853 
-10.83946625626054 -1.1739908813432685 4.813610657921259 
8.559912065054448 -5.7817993449225895 -20.913559525367766 
8.225991834513714 -1.3481750215883679 24.54127643697626 
-24.541504102313187 -28.62984097750942 -5.855978758796951 
16.96196694266561 13.406127744747522 0.5897541686967216 
11.494868811761961 11.619846394850917 -29.729964149545737 
-29.742976477003317 13.429064456471508 1.0664351117967676 
29.734829196401343 -26.852364072512533 -11.943170883552312 
16.012807748314003 -5.404958744464118 -1.9150701349316783 
-14.96991747565815 -8.8056568769553 0.17381359720067735 
-11.180958647114071 23.54761594166999 -27.47565397739637 
-15.427336878650689 16.52664244764936 -24.13975382292061 
-22.601642450672184 4.778709786294456 25.102610876318245 
13.405076883407055 -1.517667200184082 9.683748289840715 
-18.22722317696634 23.095590861598183 -7.207080223496213 
13.651732480095482 25.633072909796226 -5.89531202756082 
-25.76240949666224 16.202098511896004 -0.6032477296069025 
-7.555411483344766 -26.836189392836435 -23.3434245467958 
13.35998011555374 25.50115569407344 -17.01835817174369 
-23.980476893407456 -22.200306182373648 20.44909496144185 
-16.223427598084847 3.868953444004916 21.013864119292826 
2.5662498323364673 27.244510766629098 -16.920367032660685 
-20.012704720692323 -5.106602343145219 -10.116335210569535 
29.33813340439886 -11.690300841613553 14.160683121386853 
-10.649305615069064 24.51405730392635 19.901520952628807 
10.366480311938773 21.922509981059548 -29.77582158733261 
-22.48782370625787 16.330551465116223 -8.099025920963655 
-13.285614782564924 22.563234135654334 -2.972076157926711 
7.481502153980379 9.887935240984397 -20.060914550300645 
9.952263531008875 3.494008652137836 7.572741639410644 
-11.040507872005875 8.243867094551895 -26.982918298204744 
-7.042765010871214 -19.144359342896376 -21.870837899589787 
13.38611308288796 20.752514938822344 1.97719674668161 
25.33341292536241 27.194233020546804 -12.621372786923764 
22.502980416497643 -19.21674711258769 26.209718896769758 
2.6572831380140514 -2.579190881844827 12.172825978539706 
-13.031199751307078 25.5548267573648 -5.514896940334545 
23.22880271904676 2.4741514760651953 11.925892676152927 
12.108084855486027 8.66219149186675 13.724656471844 
2.155834769267713 -17.2626542871872 11.649667441421023 
-11.80298102048311 -11.638644462424317 -26.575828297387616 
10.304348063172554 24.684244818847674 -11.958807907026813 
-26.412610176146732 6.731244646349531 6.280536670546695 
15.562929238332785 -26.84329386023252 3.0020597139507075 
23.988525558004376 -2.448167726169345 4.64143241181398 
-8.856888442061482 19.220249730605957 26.20575943419732 
27.806723761660137 -20.18435503805783 5.106903316661523 
19.92520471404429 -12.729318154107048 5.285939309140552 
0.6557442699128941 -4.590075839317599 -14.425957419296546 
9.833466526020722 25.1963707861973 28.33581387649904 
-10.60989462888531 1.3254912305709325 -23.415900837529406 
-4.98768979747673 3.184746275553202 -1.0561568118737306 
-4.849807915963609 11.680811365649987 -13.264795128117086 
-3.3898908368506255 -24.638353937358147 6.797200892567417 
-27.181104947939442 12.561409837634741 8.483133936206173 
1.2175169866494748 20.51666801239562 -9.327631026506225 
14.729247270930038 -21.38292308629069 23.162242127471373 
27.438778902017404 -24.671354348582085 -1.6972024312459588 
5.320193090943803 5.20718824809169 7.6664617046054175 
19.30375303719395 12.200357220885778 27.885271753727174 
-24.344518943199922 -2.0132037815364434 -13.814266958896638 
-26.329094441884557 -17.957654189187437 10.271194415114223 
-0.019848753326332513 -13.720659515056155 -19.70742920178765 
-21.241079635932856 -8.586623290813037 19.153293531507494 
21.92447613763548 -3.7396120729370637 17.60602985181132 
13.784459484465756 -25.02467207430762 -24.046691521146784 
14.477853499013534 -1.6997936676056433 11.4098747425462 
23.286330604252292 13.691046622055737 -4.888306437206779 
29.08965475551698 -17.405830881197065 -14.802438765252386 
5.4444122586210355 6.9526231462345365 27.197215357676875 
21.167669813386603 -7.276111642958728 12.330698706570985 
25.806984046353797 -24.39738141863839 11.53235789580372 
-23.414855589895737 -9.06046558616098 5.896817665504663 
8.672538743544571 2.570801852525001 -26.70707624018881 
-3.4406760058547015 25.971070251902347 17.3529207295828 
-21.407794874671495 -26.765063088377378 19.64666259419881 
16.461993905731994 -8.480736386931586 -10.278479897750625 
-29.002736263815393 -2.185315087261955 19.393957229279756 
-4.636638579670919 -19.367529955080645 -0.5530502582297494 
19.6020242664841 29.075670793669588 15.412773340268771 
24.664113476592796 -21.80404683362518 21.12101820907428 
-7.492847949757472 14.535490109169807 -16.04214372948792 
5.948483127868855 8.974366246686003 20.604267722685748 
16.684767163026912 -0.7439052102008077 23.9138265502014 
-19.796334012376814 1.7125946919214776 -13.809689580949641 
14.818755523952262 20.01989964835844 17.51118293717034 
-11.122823545899415 -18.91334153688904 -25.178679004843943 
-9.765583783700976 18.873174717398058 -11.252375827745759 
-11.752331997672957 14.08524665788557 12.687367050177556 
16.284081438979292 3.9438069903864843 7.973912862538555 
-8.275404135504388 23.604654585913984 -23.709532614621075 
-5.92388076260351 0.5522438762599258 -1.6063194824439435 
14.323799902948785 2.2255793731425797 -19.301414541399247 
-10.839223644995108 12.709338457033105 -4.910903720881109 
-6.676145878345022 19.2623103736342 8.291198477013438 
6.726525694546204 23.68310076545729 -16.59769909725616 
-16.43332472731959 -19.69001744556956 24.371760584548916 
-9.218219010765928 10.379209380830716 -2.40163475664556 
-23.991533372623064 -16.564232705430307 -8.187700407445547 
24.843792283365723 11.661222175933396 -22.886380602770345 
-5.216330077089118 22.95351762131851 -12.115739968096054 
-26.195220286072043 22.532210124669604 -27.765406397620897 
-8.945623014003214 28.496507790331492 4.777596716880218 
11.53003142013901 -20.31918010751169 -1.4921710365056526 
14.732851196405072 -8.807984938784546 6.105890139540726 
4.753628137079701 -2.517042759029753 24.268850619597572 
-28.33443846006307 -1.4507445800953853 -19.833976788649533 
10.843647726038938 26.2607756607116 19.587931845273438 
-2.9384964883095357 1.8330582878928503 -9.315528218021296 
-23.025568566464493 -13.008050753254786 25.85522029643694 
18.964066651432027 5.360003122450941 -2.839377080864214 
2.942144611414939 4.389056299351083 10.245214196023511 
-13.446732031733013 8.909109064025806 18.77453433654557 
-4.337738737710499 12.086367841358282 -25.73362702481708 
-25.3400848056668 -7.850384476111948 17.68848634065686 
-0.5099079784268419 5.162673886051138 -19.292432669838526 
-8.212801658653113 -18.14533331497884 12.813127179775563 
-5.002285186666239 28.251038782720286 8.554974163207639 
26.723423694175622 -2.96814588128521 -27.020482496096218 
3.638078190184487 -28.799919430096804 2.1223721897636025 
-16.906381620436495 -18.392866259424387 -22.924415040279783 
16.401457343763497 -11.939832483154422 -0.957418695953681 
14.838906065326789 -15.487144437869837 -29.944031780019277 
26.213962181947714 25.412066656593694 -12.310819637837756 
-21.587717478592438 12.130467866190791 -8.729495084857856 
-26.789929677276177 -17.755951239416284 8.159069670245579 
0.1021551096641069 -3.6597500610694844 -6.058466905376854 
-18.90053423456888 -14.128132331736598 7.073469910015518 
3.9595335590142398 -18.605490316820788 -13.407870226263611 
5.7857189800824145 15.249462827840787 28.45015789877042 
-0.4534625332590636 12.768571431344036 13.223465692110032 
-7.661210749812405 -11.511301245530898 -24.45769101777997 
-2.0980020655529756 14.000338886809644 -18.09883404682644 
-12.059707335957135 -26.399101281828848 -22.12888472023181 
-12.906413099172408 -28.9605051717376 6.827078494936856 
8.900173828908152 -18.078049620983258 13.423469002577697 
-2.035677867824834 24.019134685989044 24.79485950523693 
-20.316877619963815 -26.24181932624876 -1.8620997677611193 
18.91769078706715 22.871190367554988 10.360980615763438 
-0.753111417708638 2.2210850238343838 -7.085173900688847 
-25.645849087660995 -0.579183238434247 -25.650345724808208 
1.74988055491972 -1.1187871848774051 -23.928180120184063 
-20.965030071979708 18.65404107870377 13.17419125824329 
-20.204316166187365 17.14499243287068 -25.656240389850158 
15.1270013694728 -6.097960335636699 -21.527500045084658 
-0.7832293501644472 -24.419753970628193 -13.55114360775421 
-24.74514137240207 -29.40581685495421 -13.131391449744903 
-5.258803347748724 10.364595425263275 9.439280326348758 
-20.333248949604084 -16.643433092271003 4.257715289567884 
-19.221457012472786 10.09479689713551 10.311695853543235 
-8.434930517632065 17.106662995617363 -26.41917203709274 
-9.376247012608296 -8.547982395931314 24.195932051049603 
13.295319837386423 2.2671200290068967 -9.1010759425399 
-26.080423160244617 -25.707182095692673 24.039357922955304 
29.989640316283285 19.345944189095256 19.193647285193265 
4.419244859853656 -14.643951924497781 -12.546376588563191 
23.76964322184211 23.35146607259918 29.704956527970417 
-8.968735699922167 3.048168638059593 6.863957473456708 
1.5571637332007917 25.71404399001458 16.697045818910468 
2.6081122536553636 20.29246707971147 15.767544214711322 
20.198968879421194 19.577480425400886 6.877318238902184 
14.543252068303275 29.877303987435454 22.34967016102415 
10.404461044140518 -29.101111446138596 -29.46088351132235 
19.288014753928998 23.719667101953235 22.968747192856185 
-20.263774938181605 -25.39813354519511 -9.551738969368678 
18.957231130980013 0.6466287764142784 -25.57772014869402 
28.002366822513594 -16.42896192785502 17.619390335480333 
29.894600636310187 -29.758515826191612 22.213719948473354 
-0.15954245852042703 0.5477915475359225 13.09380909733634 
22.638262555736212 26.480111266596737 -13.857417963272177 
6.160207857985718 18.996641447175882 9.032708061846023 
-18.537720900580887 -16.889052556586254 -19.562247896385003 
23.65565740611965 -17.295193183997775 -13.567715566130222 
11.968481906670121 26.087767813165108 0.5012009052147697 
4.632023956676129 21.767981715515887 -23.691666523794737 
-4.579808751251996 -21.76588784413198 -14.652936257528237 
-17.634335303260332 -2.8302009232386567 -14.606451071860034 
-3.1644198830201056 -24.515385248975925 -8.270214408924332 
15.993519042366437 14.470839777921853 15.534871604833882 
6.964188340469953 19.87519045384392 14.000964533778088 
6.443601582776161 -3.2586604031558544 -6.641787287416353 
21.120113188701097 10.346579760023559 17.475553558248592 
26.689147544564264 -8.303253286692417 27.90782472288297 
-4.464482487708569 6.356428047294521 22.52642298518802 
-1.6076112693088263 -10.796824455987444 14.574100620804856 
11.911605205112252 -11.392368209086513 -3.337886106213112 
-10.11057627939417 13.140353999569392 0.6126942410455847 
-22.560550470108648 -7.315002166485211 -4.82328474848687 
7.141961902417584 -1.9428161613606747 -1.8598936713259882 
-21.771474618992002 -10.88660930949274 -13.15941736024045 
-18.166551599919185 -11.594801374920152 6.981389589107309 
-19.147541465820137 -18.843624729632907 17.237793227769245 
-11.654738865771115 18.25919231155131 4.271632590197072 
-28.987071783633375 -0.23092767728662267 10.881365243830729 
-14.224290070838833 -4.997727703262552 0.716399468953032 
-5.706196219841086 11.063025052098034 11.484923153916611 
-18.245916026091884 -25.329002570678377 10.447808778063823 
-25.825934366733456 2.5107304485099746 23.910271023330367 
-25.851007298058768 13.249052776422673 -2.2123676030707067 
-17.85038613316419 19.134718094618997 16.01914058702358 
-24.437279573915244 26.309364410658844 20.605058633834638 
3.5463053569277037 0.33188941527008353 13.945674542681111 
14.100484185904868 -26.764507747844128 12.115033199027238 
4.181752162350101 -18.805085488007215 16.805310564499635 
11.338113850338353 -10.355767584273107 15.080654615804093 
-0.25017561660011367 4.384050614966746 -8.95647313897324 
-22.743845348453444 25.804725693160172 17.871006081376926 
12.030967440958662 4.401465245815309 9.265617680446795 
-6.069612710722907 11.965916915928126 -16.828379113405106 
25.460979158944625 -25.868926670555418 22.457008751458496 
-21.664679993069093 7.347884934093763 4.9450893164217575 
11.88488967934095 -3.5025713073385916 1.6888653737027042 
7.8566992493671535 29.691984075833183 -7.665209864519017 
-4.452368643350841 -23.28831263545281 10.176184425720777 
2.395006298633902 -27.39493407325449 -10.773569025585104 
-29.96071464135495 1.4166144264363076 -14.595373105230323 
-8.702615113294527 -9.88313276555828 -8.845761895158748 
7.631732579543872 -0.5745189266795236 -10.133460032872293 
-7.211292191017726 -10.942732763762002 -8.007541428842316 
8.86786306669837 1.5605418667947966 -9.927768164413532 
17.057380748775415 -16.909043365655496 17.78166579345563 
-19.50918002942067 -14.369123636707155 14.102114668501478 
20.63398224830963 -2.1320424283762023 15.711693806080625 
-28.745227228191233 25.366837661004965 13.022410777370865 
26.721523886309612 -10.587923294457354 1.7957822407033 
-22.764419332004913 -20.01868023804522 2.8913147989664196 
6.679944366487874 5.432843660361129 13.401469644555533 
-28.738846067049312 -19.41652326916053 14.946886732206828 
12.475351859280458 -20.060721785531566 5.085110328895624 
4.424823795406027 19.754929140659335 16.05388049889755 
-24.023195950809942 -3.1245216283174635 -18.876720268022318 
29.727961570093797 23.629241661664445 -19.752383761628725 
-18.97246091580837 -22.86218639031964 17.879525463174417 
-0.37345605534614634 -7.392326854552287 29.134413212445693 
9.662582439981776 -15.349566129575207 24.85832827570154 
8.67305156205061 6.9536353205256844 0.8853542609045988 
6.855983954512695 -19.21771523686589 -2.6883820566100205 
-7.858603083441839 -22.723894893334677 11.687650610944218 
19.36577712784539 23.824722165836363 -17.705287799933647 
17.105439351548576 3.655613384433785 2.036480454352173 
17.067831884168655 -19.625901184632347 10.818936023822133 
0.8059356015331041 25.762169393576634 -8.468281508236643 
27.34794771434442 -13.97216760191338 14.004496467732515 
-22.037949469110885 -14.875911596856096 -0.178611541899226 
-17.134025702773467 -4.634536923203367 -25.683812733859362 
-5.931953279191845 -9.652568311611958 27.01199437745622 
2.9312306303907434 -15.018175776123229 18.93334465145147 
-0.7355580360885554 11.731797990018094 13.01993977694643 
-13.335517018736102 -9.551308201684176 -0.5383708528504485 
16.386987864260846 -15.854879401306714 -24.4816009790329 
-15.578110644426976 -28.18522060118334 27.904312969088494 
-6.207377480999821 -29.307782685750634 -20.177130737572224 
10.677281534675231 26.99686351967513 -8.841332700357377 
-26.15354699659381 1.5384918664539633 -17.925567053777126 
22.267271033835215 -3.237898473260781 29.500807610331407 
13.320723582893919 29.645893164138776 1.1802766011399086 
11.748103053296354 -18.210546235797565 25.411755596111114 
-5.400915165821594 25.884633493724024 28.65316583680579 
-2.183746551857432 17.701465639374675 -23.569980335170943 
3.156125963172869 10.74512287366322 24.087760016634718 
25.871175665549757 22.721885936707636 -28.3552410879285 
-29.152331260252794 18.243731330628563 26.806417017495953 
-29.74463223654738 9.457899064062829 -14.258529234359878 
-17.13642035859795 29.0404130650807 -5.171477067723551 
-9.323382433391846 10.736142797011368 29.699301615187437 
26.18026921913645 8.182603395868846 1.0839721907973185 
19.87952935277397 12.698495233203488 22.575812643846405 
6.8017346064204816 -29.371543943411815 -13.565655092470909 
-10.133017917000402 -1.3431429326810296 -28.18967226166492 
-4.016553093310794 -28.231200529380583 0.26293499054921554 
16.872127898980672 -27.85076416515356 12.178072522803433 
28.75766772537399 24.746444443451566 5.96892687722071 
-0.5823636086031563 -5.937283570376227 12.801182828172479 
11.186134959122363 -16.12757700375906 -9.602602748176931 
-1.1155401795346194 8.69050174926764 -0.33649270765832995 
-13.949547393976914 20.91571393319576 28.68086341714602 
-5.237321048161679 25.74837047866034 -0.2317970985988751 
23.29384775763988 -18.70790415970461 -10.354434385277425 
5.876146417919635 -17.95472335924657 25.44914586959385 
-20.988073378974583 16.05690282694072 9.800090482835849 
-22.480738585130325 -4.100550395258253 18.53936237356526 
0.5456613327903383 24.583444729620915 -19.237885529637058 
-24.788534683981126 -12.106452615178302 -28.25770760503803 
7.829691085584322 11.043883419265143 13.124371244895492 
21.608964102449193 11.612412890875348 14.747684450751606 
23.02147683003188 21.351115357627634 -8.948990201437159 
25.175178756166744 1.471606364431878 -8.7008039776855 
25.67114665116162 -9.102480501929527 17.441214041629152 
-27.899331534751 28.83180721312965 -28.291939021181093 
29.429757651413468 29.342856295132776 22.116514725190356 
14.71141672251649 -10.046608602127705 15.159813247470325 
-20.91844641770437 16.948501033349025 -9.85115302318044 
-26.05671959905023 -3.3988105384709684 -11.53896408084502 
-4.598277138522317 -11.407086961060863 -7.51900759678151 
28.95613345857928 4.700161520687203 -10.911262189877032 
27.100460933269694 -8.15583296982361 -5.477520656461174 
-7.285378455250321 -20.81494833108835 -29.123180748961616 
-10.558660064183755 3.6528558793314403 -15.640695953504535 
-15.37303568243422 21.95981720307217 11.60412887260324 
-24.323112319056413 -14.80173659024179 16.483245059793973 
13.693438653332613 -9.502523530235376 -19.669328032849478 
-29.778759505102922 -19.476657680311497 3.0095220090483537 
29.990582842262008 22.490989425588197 -9.39205909636095 
2.8356608108575045 20.451537027657615 -19.369946639412163 
-28.099590245774007 -19.904779092250113 7.83443277985878 
-0.6594193144377662 -7.5338640330714135 11.110843466827205 
-6.275809245290965 26.073159618555003 -11.68679009280239 
18.78133722686463 -26.410631865245357 1.679047752616956 
17.32028539795673 -22.097744142612182 -11.683752453420972 
-12.436208126279872 -8.199449907182093 -15.540525852993136 
19.637558905597515 -22.247313019481155 22.615082641232114 
-19.02091232206689 29.780128275731265 -4.2545095579814145 
-3.8289934410108266 -10.358863199951664 -18.603180377171583 
16.95989166356305 -7.745141462953306 -8.889809528570797 
-13.399092425042337 22.146503460974557 12.625248247302864 
-17.973433026978896 -25.89816825119828 -8.543789009489707 
-2.6137864897935437 6.571074992735582 -0.8063188465900488 
-19.01033176378933 -1.4020566603050781 20.830028420383215 
-12.513422505030075 27.4322504140015 -28.277364219369968 
3.6773619837797966 -6.836590066489411 -25.859558021345315 
24.764945693128226 12.340378694213868 8.033349768279145 
-29.75559297177989 14.323080501577067 -14.94305486283995 
-26.166343237113047 -28.620661500653494 -28.187236626284488 
17.45617714835415 -28.98544954412539 13.604936289544717 
4.104404733716613 -21.017146298822986 22.27881024089207 
26.225471385320546 -16.277600282358385 -0.2485566362831655 
-10.595613598236401 21.876231777363493 22.717150522009568 
2.996319141265822 -27.646038342230568 -16.61391005534181 
17.26740234684864 11.26902146557918 13.228465494369317 
-20.743412807704658 14.215539101871585 2.454362241691207 
-16.914466994639287 8.32500631996809 -1.2162197068986984 
16.195251691122508 -6.293698827196415 16.55163846304135 
5.326698404103702 10.872322811920299 8.557186424549776 
14.626794491354993 28.352062954332418 15.469454981078158 
25.592907758848767 20.368754807804194 14.069365113891003 
-21.286517569488275 -22.80098011643472 0.22868769809992884 
4.642138159696529 10.828588459906122 -14.034487003128211 
25.719745903901696 -26.76257374469457 -8.267376232799098 
-9.593517246626192 -22.58396826751878 -15.062607120398768 
-3.6657918830745686 18.260071577044677 -15.72578451280258 
0.6762693373511546 4.270479726032818 -23.364199020676264 
18.035490125034727 26.55714415536552 -21.54269188392292 
-9.804271577223702 -14.561901117904403 -17.31264553084984 
-0.9637944695930791 -14.288710644968702 -17.468234712253935 
-1.6212174709678813 -22.9152861249665 27.238112514532332 
15.474305674051237 2.774884412266296 -13.34295653690582 
16.61400045256677 16.12706266522919 -7.220611105078085 
-1.1438970151490864 6.341158093876487 -22.338614702598548 
-27.323745010510866 -11.65048603698666 28.497550704563338 
23.755849001126073 -11.034629855150367 -1.7225910250318037 
22.848889521553197 -10.080821089123422 26.60405354978728 
-24.90133288145305 29.17216428217614 -14.507627127432185 
5.414476994472359 27.404407365345413 -23.42416940997189 
-9.725035545582145 3.2370352015327057 4.897067723911967 
-17.951889458699867 -10.394055909521931 -6.610753950763005 
0.047872848216453434 17.465351279979835 -14.939459372508493 
29.200323277381706 -20.99922602871026 17.185619017868056 
-26.4658172642479 -23.501968985232793 -22.126272436867225 
-6.815792605039849 11.644982732945472 18.06426170537523 
-4.462596524905273 22.02004975416059 -26.855713252402012 
-18.90656541793638 -7.473131898992705 -7.478969660732744 
-14.634466429544714 -3.2022402015778617 -10.360299895515766 
6.404149060625102 10.177832857179645 -24.941508322255427 
-3.1113622912424432 4.356991632905533 -23.486680582326755 
-3.986703774178583 -28.924377678700253 2.663840971833352 
9.717126051653842 23.07048889526952 2.649288980215438 
-6.160063791389657 22.71258834294141 5.321396197575673 
-2.3001631591866882 -20.559803120681746 28.304683490133932 
-4.509704938215638 -13.77505690619525 14.549410750282945 
-27.585225463713666 -1.7739544226710677 24.51013533565608 
-22.028196458043737 16.42705578123033 10.129955172410646 
9.907384483113958 4.788052382489205 20.4946649492072 
3.494289797604104 -9.10922040071894 -6.533990544109777 
13.076851837707473 14.919990730264502 -1.3577207377006388 
-1.282317916137341 14.16990506507068 21.155724850693453 
-17.940055760277797 20.145277163321296 10.016599500761352 
18.08930033636325 9.798221383549176 -28.758094039858957 
2.1370094553985695 -22.51301799276164 0.21654415983693198 
20.575475463418506 -5.588363844838941 3.459965389248019 
-7.966840686214404 -20.88895285351037 18.022553137834485 
4.685515625022894 -20.335576013931735 -17.68926253253311 
-27.794577826629062 -22.24413063888138 24.82457597676303 
0.76979652066019 -29.747570654593446 25.320054997109835 
-25.35607704901337 -1.763468691872518 21.782678707712257 
-0.7127424583091155 -7.74966672676625 22.207518867467975 
-19.647287792820457 1.6701794213221213 27.231109235841025 
-5.598589705205384 -6.9220565536974235 13.913079012990032 
9.341434686775159 -23.374016207664635 -27.87896700794749 
-6.041375015506315 19.451947760017447 21.729366327720662 
4.061319005489189 -5.2544010875583 23.00937022071424 
-23.796624812733363 20.372194175425 12.02103477351828 
25.685829124302956 -18.71555931982293 21.111586619253487 
-18.722716772035533 -1.5633584047317335 -29.706521617111484 
-26.171437742847406 27.744037485207137 -0.5598898580277343 
9.217954122911607 -15.377152116057783 -7.263150219169564 
-25.746143802891396 -6.714365036090534 23.042740906735624 
9.106613519832493 11.384557976059774 -25.527631423822676 
-28.535066892971276 -20.323807202097544 -13.329169938849152 
24.78053272440748 -21.018036585655775 9.848959716522067 
16.524103356289743 -23.019928851174 -11.010580408759001 
11.834043449307124 -26.506215575612877 6.107011175983608 
19.7307998307285 22.729777355737568 9.02498394932006 
13.720296874108463 -9.983314700850311 16.11352121333688 
19.193714091946134 -26.355963651771347 0.5010010164807106 
-25.703324412947858 -26.110339230568545 26.202704275225884 
9.944835125999916 -27.203293906239594 18.836447432994646 
-22.41434781652206 10.064255111554914 17.689528514090355 
10.6246118063153 12.993944417027407 -15.73038179139849 
-7.435094992380197 12.90431288371478 -23.994034975306647 
17.657948125870696 -1.1675875955281576 23.22722444554097 
-5.400090307252306 17.97847856564602 14.256327175262818 
17.06496681263068 7.334645461792171 28.05424545579136 
-22.7358379969073 2.0550920137427298 22.301952493099826 
5.227830840342698 -8.885851749279595 7.0988032512627015 
-19.928614500523835 7.433034431945309 0.18082183156510112 
-6.098697027237922 -18.036938664908334 -4.038112089478062 
-3.4477821414446588 28.92940038000083 18.587568873547994 
-23.293718752018396 -15.642975260574147 -16.05282462710843 
-9.244178755533863 17.536978688523092 -3.149992106901557 
29.865001015724573 9.464979435818115 18.774461304835853 
-2.3523999093701278 -7.388517459076802 -10.579089637713139 
-7.369795173376204 -23.123513150260216 7.322449003383035 
0.6777599930623417 -23.692794804392303 -9.061968864830732 
-0.7577807463591277 26.452215431229078 10.26406861008617 
8.023771521631005 -12.785492487374853 23.331782031613713 
1.6617149441524184 23.686872469715112 25.53432008097562 
-0.6384446327705646 18.099978619140543 5.3612876916255345 
11.613874308845261 -1.2004191464997902 12.672542521703335 
23.02515257329501 5.691541995092798 -28.242558139369997 
7.445675385011739 29.010909022432664 -9.783012839128247 
2.084430420772854 -16.267674153582433 17.269075651605682 
-28.88583631162517 19.29853170527008 19.967270358804356 
-1.182223923436677 -5.13800740461161 8.390806895858063 
23.578913322129253 28.394442235891766 -22.982453054619974 
24.317064600332046 21.27762622443133 16.211176703848437 
23.754017750169254 -17.251493857097735 13.595914452645339 
-17.18595698444569 -23.541508706940743 -26.06817668771035 
16.512560277619748 23.325561426880576 10.037854996645926 
19.021828314312273 20.815822531126912 -12.757720771481647 
25.339678641860488 21.12227902444529 25.675131826691505 
21.45667034727807 8.175893027336478 -13.336216058489995 
-24.136370460147106 21.99265976546279 -10.919689793861021 
16.806981042696897 -25.163784447106266 20.83030502955554 
0.22804243399275492 -15.135069467327249 28.454070811448773 
-0.5916708033891318 19.066753352893052 -29.718204495474865 
24.248335223876566 21.915476424892603 -9.067194787183983 
-14.63937380348657 27.527435005880335 12.216722048129903 
11.032329785795135 3.0797825967843337 26.418294871109772 
-3.624017259887154 9.86781844525565 -27.875731852946558 
6.111842735867626 -1.9550914643080333 14.319762928842643 
5.398295942830991 29.58557436495866 16.732828358264847 
-1.8332717639607061 2.847260853806503 -17.422094220216863 
-11.836566978332101 -4.074607624623834 2.8544539019692934 
22.02440333690204 11.884554381365767 25.131016136702456 
-28.96741697590931 -3.4361149064805048 26.643477602229773 
14.140408174001344 -1.8271467289536645 -17.882831574910853 
-4.105974002375074 26.55810688119724 6.7524644566627 
3.502838354965526 27.561206070279866 25.20766895540136 
29.03667484934367 -4.669589147050605 10.188605750469172 
2.1346872095110925 23.75465017491141 -4.441334753020801 
-7.923505390764397 1.5819643348564334 -0.9543201122921232 
-10.88523521486994 -24.88244789497017 19.525258414398564 
4.8048229209761075 -13.510392557891205 13.52979830207829 
29.28241729489612 10.431780754172593 8.861716288696876 
1.0102651803803973 -6.807882595398414 12.669508537600407 
-26.137957092550398 -19.041997680890983 8.51661480263332 
-6.404540517595624 -5.60024356957182 -14.117065612950004 
-28.83662216349821 -7.279251965303299 -20.135386599066585 
-13.154800921878756 -18.51115786876985 -25.021927982554775 
23.786229233820485 -0.6731361116268673 -19.878945481480518 
17.360694163331225 1.9827683435442829 -0.894858606674994 
9.324007855674353 0.3049662518223286 8.371836480819617 
-27.6862378419061 8.857077981402043 23.698020557590723 
8.972374041448724 -8.069632533343722 -9.57001799253392 
28.735075931659523 16.144460727456263 15.619521641834211 
-25.2558636813177 25.4819292697875 -1.6623248723886412 
-23.850368310336833 -18.670938505240855 21.926995631653632 
-4.360566005697123 24.06455633570114 -3.9750930379138936 
-22.887822388493397 5.40909279774155 -6.069230861695058 
-28.263122473845968 -25.630283067993744 -2.8312991732749744 
-16.211298587235078 3.2160677415843324 3.5146201043498806 
14.259137451579704 -29.67877535728062 23.85315373685232 
18.702195829283696 -21.01702336074905 -29.638484946075778 
-4.921320249122417 12.805775764647635 -9.186495911633198 
-6.769354983983064 -6.608090413651318 26.60085404922109 
-17.451737858392015 21.419220876909762 4.074154369515256 
6.3976032059923895 17.910203449558686 6.703706396655683 
15.083253542493736 22.174299134465357 -9.443540321233854 
-9.871849886483083 19.390872477243327 -28.01146899215567 
-7.0123611427146955 -3.132733363127759 23.441482717424684 
-1.6250016323874448 -26.237511249513087 -0.010502274713687143 
4.1578701987236 -22.625107463139727 -22.859886365868004 
-17.652173409883773 26.03553940559548 -12.564083365068324 
4.676994029844536 -14.570776794227429 -23.295886194736667 
19.66278381798835 23.126861721807984 -8.41208507016534 
-4.411465324001902 -2.5015913278573656 9.017433454955679 
-5.010192662210667 26.827731904205393 -3.585237132487425 
8.774647727535225 -5.706076051705185 -0.8374224618894246 
-4.5383475379795755 14.467534486704615 -8.557348217383996 
11.923162385006975 -23.987439274703707 -9.647630098533565 
-25.647598061371994 -9.773293864197939 10.510114865084589 
-3.8614245733230277 18.689611579721415 -5.198741023059149 
27.805163456838464 -7.3307034858165 -0.9641576984453977 
5.441543476430283 14.350724957061175 -10.920734879714917 
19.541124194153824 3.2330027859299264 11.415902168670591 
10.260404734947784 -1.3165076510391387 -7.1939054525357236 
1.6224141431117651 -24.00079943090558 -6.696125976749201 
9.410353355122325 22.989615797126774 -25.580664776396052 
-22.135540778683165 6.308460778337029 29.63158739256376 
24.115457290745084 28.9360521659721 15.876904783812684 
17.793548452062744 -4.2825233858131035 -26.224027486144642 
-14.25573898681511 29.999288779809717 20.603773604057913 
11.610214801036975 27.38811852905961 -10.835454078021343 
-22.919992083127635 -6.127868080836937 -13.088758489545377 
-27.642559977409128 -7.588537508331594 3.5306257498224127 
1.2721539038081637 13.342176516716343 0.6912121654060748 
4.1265246240675495 12.93907149178029 -6.8356481061330285 
29.487998932979274 -27.995240685009097 2.005583992247992 
28.690192953922583 -11.316853606716116 8.382395850184125 
-20.741623846618943 -12.458995269186538 22.002788335329058 
17.32103080965767 -7.5120269656455605 -21.509655460477433 
-9.198788487417346 -6.1701011898601905 13.34744234783414 
-26.271483652639123 20.879281579147992 -15.49316697679441 
10.676145523011982 22.307277030143922 -14.070668468397752 
-22.36983489885185 -28.771573361891893 -23.312490608050283 
-0.49699581909127843 29.02110891757441 -3.7849257636562115 
16.841366844305504 21.95873809547691 -19.356184093710787 
7.9124853915086035 19.718209175374994 16.34449865635017 
-3.9112612890293406 -28.735419460684987 -0.4776441050128284 
-16.78930359647054 19.2799391613867 -20.101946877207812 
28.978565772383305 10.98621217693627 -27.19617838966063 
18.416176913970098 11.894633685865315 4.252047982970325 
21.764283231467218 -0.9523150794597797 -22.728299003478817 
6.968864154664651 4.1324912053643175 -10.612712731441782 
11.757025674325675 2.087570989444984 -2.7230358598281015 
-8.573829245976093 -8.615394780789131 -18.871267199968525 
-2.390266948033929 24.920272142738547 11.137386916390447 
5.275509956563155 4.553504021462999 18.52000771541752 
17.07410481503436 6.948487860377057 14.31406908256438 
18.927113768662622 4.434959336783642 -15.803830865565175 
29.700419583853147 21.886627988086886 -17.66557486299586 
23.4440488828823 -1.638812285419668 -11.688728951299229 
-17.656585592205175 29.74505882761124 -5.937737882465722 
20.057967297780266 -0.7100802707317975 26.532693606697784 
5.900538426648225 27.97268166395751 -27.163015938014354 
-16.884995355745502 4.9460628698498255 -0.3577863040892595 
-19.04863902181721 11.09556093891922 -0.31670045907710076 
11.661281253915533 29.318870483270615 6.2044676155355845 
-24.634017291432713 -7.010738595398827 13.211837254974022 
2.4689389290384867 -2.500975180606865 -23.613743464036574 
-20.101026432911276 27.878966617351217 6.813354229305709 
-3.218209623113971 19.289012149312597 11.13343104189451 
-12.535130841049721 -17.919600209027166 14.85892658918766 
-1.387576170868229 13.253093095863697 -27.250131408778543 
10.755060409650035 12.257687298250197 -25.612704238529123 
0.47107625101679673 -23.864650595708135 18.03988793961628 
-1.466442438954271 15.459193403023264 15.639624166812837 
-3.9209722807819745 -20.683679025430365 -27.574781942540604 
-23.081936752390085 11.196992180498832 -26.453905808233372 
20.667012041571283 13.125681373946747 -15.020264243378117 
-21.15668688656443 2.7889481604368314 -27.572586948086247 
-27.942751634072614 -24.004662993305878 7.775621823164961 
-7.844120110798016 -1.2177736717732195 -23.9345843816814 
16.146930156846608 3.5525669256431343 24.137747632127443 
-5.8269867334284235 13.943619107969539 -18.766727633766404 
4.1747582075100595 -14.222269925232924 3.559520679702196 
8.134967036040251 -17.9205460110909 10.479013369864859 
2.946925978069366 -22.887585265412778 -5.376958158971199 
29.09233598791311 -10.399694995134737 13.745593808695432 
-20.40154172741021 10.479517086246318 -26.54709091226835 
-14.096927836196926 12.814136841572427 -8.539382206499482 
-3.5182559150222446 10.999306658680936 -22.250017238097968 
7.993916111189364 -16.567547562694806 22.462655156936925 
-0.07492412091895417 -0.582276831212269 -19.671397605487492 
-24.039154695902226 18.369026453312003 -14.051204428280702 
29.636528349109454 23.762849941356208 2.42417871841603 
-19.312295516267607 24.47632858054702 21.509482826197413 
0.7873736990394136 -8.378273998232373 -18.496348182202485 
-9.251375062865119 21.730452611917784 16.790283184063405 
-9.987180500703236 -7.940818030899404 8.762643462229335 
-17.61819999139263 5.84952835737451 -26.468372811838197 
-12.254644017052737 -5.2360934818612215 -5.74403008172645 
-6.419010647454783 -11.21370317453487 -1.0317042398729903 
1.0160264646942991 -17.25549091797673 -25.891982608487183 
28.172174723666842 24.015520545572308 20.426871492463036 
-12.05273594433492 -20.117936310404293 -9.819006219786075 
-17.23501010202017 -12.9434890065519 19.93429799201573 
18.529660126022712 -14.26601236744678 0.8838109509483232 
3.927335690690171 10.94034220650746 -26.90644056835993 
27.490138431533175 -16.642164497766373 28.06107058543261 
-11.933007382232908 -24.76744748587665 -22.944068743460708 
0.8206466807415715 -22.091838758754136 4.465562304863859 
-7.267397225387029 23.49101523029502 24.67292373513338 
-27.508196071124345 -2.4871383077111773 -14.557005077361833 
9.014828052779379 20.18455131491401 -20.44500847491776 
21.258609297440543 -1.9077965741266851 -7.110897501798085 
7.1146613613221845 -6.134762611234677 -14.4862025903166 
26.504783303519424 17.08255261839424 10.845872825126264 
-16.676884092206958 -6.9604795771376615 -15.978098565174728 
-5.643379758176788 10.173549894534872 -1.9953552610407996 
-7.7182639795359655 12.96394266674708 -7.9591190247364025 
-9.998653804908983 -6.065727863350215 17.808841213368453 
3.2827097403407848 20.738921815246265 -24.779520787893468 
-8.662334190049126 -6.109471918365831 -2.302825809035312 
-21.424763642198513 23.613481764262723 -14.98617791708454 
-8.956311107554903 25.802996159581262 17.836658950626223 
-27.210084953551522 -3.61679733354206 8.12371515296443 
12.813307625346106 -8.473855858971067 -28.275850396565907 
-3.6974917101451794 -25.993913877044932 7.204317861879652 
8.979685722706968 -8.321012839222753 -19.938379283572267 
6.68526360683758 29.12047358579953 20.552963944254614 
19.836053717293886 -1.800788382743118 20.079410530951883 
11.43848951221215 1.068842588502232 -28.059149670725834 
-12.74996194378227 -11.08348035166463 -22.87406188472673 
-20.332217967175687 25.82577933738672 28.273359829815327 
15.667727848007281 -22.036717245126304 24.758075641043014 
-16.958471814726295 21.356152095592932 27.36349033465239 
-12.04943457640135 25.802036461907115 -5.057161924573805 
6.65245424189731 5.529278083502938 16.935099573625948 
-25.685153724579756 -2.488131600946261 -3.2910114576502245 
-25.551042621017075 -18.561086078913146 19.620600390797684 
19.213192654720935 -3.1548025413592953 3.1114313285500117 
-5.789250062120832 -13.481216318301033 -1.0721307212210291 
-9.470168188532224 7.190513022031915 0.7199892119718818 
7.860709287523569 -9.114746097919774 -3.3764187359343616 
29.23540791649441 28.66201514920421 -5.848702676109902 
29.657427599885295 -8.310595720761398 -26.559996138482987 
26.276030212741055 -19.129274697412242 1.439248679233792 
-0.7796777200141491 2.3204482325716853 -4.212872590995648 
-7.329282671348029 -28.468319227511813 10.459890464301317 
0.744749091608714 -23.929182801266332 28.95107796322575 
19.720671518230716 26.383470253228445 27.330982834792195 
23.21813052304745 1.6500330052502257 -1.3945651115338542 
-3.8519542019743653 2.7056982299923504 19.289484398783607 
-1.4626151558665725 -26.114086045504838 5.541631368414542 
-9.317891052471914 15.211040247106233 -9.804869976591114 
2.72958819654783 -10.358943184735544 -16.580936209848485 
-23.986890950026652 11.060289146763765 1.8033372546680404 
-29.350353661922664 -28.40169572645886 -11.468054766258124 
-10.26471543307565 16.309875179555476 21.510902413335174 
2.2341264383241324 1.2031801586913922 -17.407356254966118 
-15.41138364607938 20.896610364456954 -27.225153387448543 
-16.584208623666946 -14.585304741546176 -20.357831796506343 
-14.738337002779812 -29.55963431243482 -21.05700495449857 
9.206009971897402 -0.8417371588899911 20.85746594680692 
22.42137860396211 27.240257014855814 10.960390144211203 
-29.519950789000983 -10.770060166525962 26.69882594365513 
8.401978533057587 27.46503481543602 11.53011793157738 
18.339818703728533 -2.21235092899526 27.531949285586656 
-7.358081253210955 -12.489920309992335 -1.318171932068065 
2.3339013430569935 -1.3866960228118472 10.98215811773035 
9.340020858082575 -18.554552078604445 -25.875351969131263 
-26.504289719036514 -5.037575891527531 1.3903467279357287 
5.035057671879713 -29.03362580866892 -4.276218079656104 
-16.966732943331497 -15.547128738233413 17.93629212186402 
-22.560467911981256 27.145451511370077 8.03805418081783 
14.240310454229032 3.7859461680140214 13.326309369708206 
-14.724296031127281 -2.278442327563379 -11.015947670580893 
18.72852998892023 12.960243004469262 -17.451303452413832 
-24.403757284483518 10.462402158678756 19.427562489424822 
14.376392239551578 -29.668332131228176 -13.147398471071348 
-22.02085636386432 -5.819378844050888 10.998972172460036 
-13.442311322344523 -17.855528722870897 19.515940286052874 
-17.88117044864431 25.433414667061655 -5.693841407693871 
-6.554939181374589 -16.123677526537197 -1.797497538420373 
-15.33866447034397 1.0625932071516573 -21.18915783087367 
-25.24210614143021 26.357244843617245 -26.342584018812282 
-15.4209102603781 -22.338843256077062 8.348160257156124 
-4.8233339948837575 -7.625472561582718 24.764583796585818 
-16.35189799984149 21.024970503333677 7.040707626391864 
18.42901964311673 17.159704177038783 16.07254478695856 
-5.392276692014839 -19.94146272957151 -18.358003422593292 
0.27028122166314006 -29.142888079453012 -10.111584458630666 
7.147426883734326 20.97619406617342 13.214934506031724 
15.314882793508595 7.82664502828937 -8.059302591578557 
11.177867912555229 8.559809914987817 -21.87508584463185 
-6.467238969954558 26.53675977646597 15.214074732317862 
8.652213526085632 -0.22474788548728952 -14.651583019826989 
22.67946076106913 -7.0144854931859655 3.9629326234149715 
-14.843846249139506 -27.382618640406744 3.3170442102096658 
-18.079822551488157 -17.942126211221364 23.91671595670155 
23.67794061236733 -8.887783234240374 -24.598549697192286 
-25.407037355003297 17.34049056309056 -5.739198582377934 
1.2263420173228354 15.239667258332446 21.305606576200816 
24.234347591833007 10.594258560328491 11.315606697308702 
8.486641464773669 -14.521970972744713 -15.788049561175884 
22.310345926670443 22.173106992492606 8.614241693409127 
-29.754717219512166 -27.06414079670616 -13.274071763608141 
-20.31601644478552 1.9463213434991147 -29.68108592702485 
-14.33369594613163 14.644380130315689 -28.262428050580212 
-0.078611657997957 -17.730066892526963 3.850374860567122 
29.960375141486864 25.967633313036018 20.055712766703827 
10.258061926763403 -8.751263795011642 7.331013716690052 
2.215358865561271 -14.483198396682626 -1.9683217552371701 
-11.421938607508118 -25.46790549863249 26.753268947800706 
-8.410482671324083 14.33615348073657 -14.357143515600288 
17.920297293097697 -29.419541931619204 11.433160602138962 
-19.5631622927596 -5.999293303892234 -10.726701994103745 
20.387872500089955 -15.737166849454432 23.101841516899547 
6.421487515606685 -5.958077141015284 13.654128676299635 
-25.318996064908696 -18.777508140193472 7.7961340055503285 
-20.919473984512003 17.8310280799312 26.859165013553472 
-1.7942374679256332 9.759228499028794 -5.845936428959725 
1.4666747146033252 -11.884750817212566 -23.64297604415141 
-11.099280713483846 -8.44478240557503 9.025069295950395 
-21.6931542758401 -19.453329021653083 24.768744858129928 
-25.478480941120182 -12.273893262879664 4.271308370634813 
-22.81457415994069 -24.732703962794503 17.498931935872577 
29.736304451441654 -0.18136204138124157 -4.479709732994568 
20.43970053277439 19.773745785104722 -10.767463780362895 
20.886569754759392 -20.141890180359997 -18.501656475577732 
-10.091530645442667 18.619535780875665 22.54780082219191 
-2.0749506503987973 -22.34216674820115 -27.75722069844324 
-19.506979537278852 -4.517645630729209 7.625193954850168 
-28.57571980981819 1.4332546436531786 -9.549069828980546 
-16.78740231646294 -4.004420963774052 -12.258566100815095 
27.754922140478605 3.301251114215738 8.776207730009197 
24.353366952738007 24.87239406236037 4.583544074281747 
-22.57744873381099 10.261457389320675 -10.616474481697722 
-20.4140072449946 -19.983347962717808 -10.264350629797864 
22.196465209355125 26.46180136783429 -0.13207304852026525 
17.69520294914654 10.12163064050452 28.287096780890607 
-21.55962096949215 7.4083340018707275 11.019605841727142 
-26.13345138985366 28.69357700306007 -29.674268445272315 
15.702260757646528 3.3865689341461973 21.172277539360998 
-0.7730802715362195 8.899041175266376 8.055000801916115 
3.092939377756103 7.637812012845842 12.539420149956442 
-24.881140567846415 -13.573788786743425 3.435593705795746 
14.892885846865894 -26.47388532057565 8.868837842526077 
-7.048041939599955 -6.703706760993104 20.328238725083878 
16.839220431996857 -21.034925951503194 16.688966257136983 
-27.613263183268288 6.87872588967717 -1.8973340803112464 
-8.736177695224892 -22.851635138614164 10.967366152452321 
18.403356928269375 21.66634531855818 -3.264359862721122 
12.692120063467613 28.97950084762251 16.549821915195125 
-18.28999395686757 13.623012743105669 22.995062842762977 
-13.588451274190227 -29.095178713496914 -11.890485666177785 
14.761485169710603 27.200874428642614 7.388604191857766 
24.71788054990691 14.233853790872665 10.880199170781253 
-15.596092419113855 13.256068389719339 -3.507088182694062 
3.3427518579061726 15.389285908633845 3.264344603665471 
1.2312511107838908 -26.275402006369582 -25.647042484492346 
-8.57296813776603 28.159895647276784 18.479866428101985 
-21.952849771062063 0.18476028449629922 26.756825797630327 
13.491141899570714 26.343589060768764 27.461225412761088 
24.42000481249844 12.560008313069027 15.339863847003322 
7.3429939877512 -3.3892030202069456 2.095048482285101 
27.673126139689778 3.521608040543697 -10.78796711402622 
-7.7764996622791145 19.222664843064358 -21.658356242706994 
22.750152593619582 9.190589097028159 -8.613428607132676 
7.183380740140976 -5.242208676886385 -27.90300089223044 
-13.630228846376532 -1.0172219765275123 9.812869118463396 
24.120788747973258 21.467908454529436 -23.521790919321784 
28.460004537309864 19.813148995287072 11.538054536824312 
-8.116300676098412 15.584564553050605 13.448835878130986 
-9.091452444558968 25.70699383228453 19.830700743005053 
-24.983685200390156 24.16811962824442 6.118337409523711 
11.454497223612385 13.102930545227814 -12.317284324801733 
4.380686769000789 -21.472834492524708 29.317992643820368 
-10.364149796582723 -29.02111863318006 14.344136816198699 
-18.642057016915434 -2.4994878990313865 28.110042104648002 
-15.72001234818558 13.48081046386352 3.2826634493701334 
-13.164176509880708 -11.83694035148664 -16.533199392379423 
1.4317537310010167 -28.83575074363057 26.746047331115562 
-25.91127915168868 20.86973655121846 29.75349167110214 
-17.90554730904511 9.689243179223617 -27.62398890167836 
-13.558864225121777 25.33102345629635 5.57465703644025 
-14.09080892105959 5.368035058205329 -28.40730014686716 
4.527241115993327 5.815327222558899 -24.83621263785377 
-1.281240766283208 25.95144370014203 -22.03820822585824 
11.218712017284673 8.938230511804626 14.11456041066382 
-22.41753664888906 20.941507726400964 12.915524402636379 
-10.005703214662503 8.17107191917325 -26.029623636631985 
29.605514229707367 24.186032712756806 -9.84041906984153 
15.848943229667107 -19.308630119598398 18.317021869104344 
-11.915932694820931 2.3101934436663427 0.9800176635265316 
-21.45098864471585 -18.52419402778202 -8.975298067807927 
19.859763823597092 5.00637685479969 18.933412166459362 
-5.579652786130261 21.671582746223677 -0.08537275248021814 
10.335258217465743 17.581473183014246 21.099785194484973 
11.075183589640396 9.948864024854565 27.932726398578453 
6.15443799592618 5.549689617454682 23.322315461456803 
22.455516699360665 -12.028653805319212 29.02584875844442 
-2.3061802573446286 -10.029547014521022 18.441013262938746 
29.538762307248994 -15.405394913735176 -25.641443396660122 
-21.68849887080026 -21.915184703157987 21.52239612820393 
-3.2584055440517083 16.616478289518817 6.187328743943837 
-24.776753481256737 -0.771956046938417 -12.449517939336666 
-9.901750485317887 1.8596862154188614 14.954396551532284 
-4.497617736949444 19.682477924681095 -6.289128005437057 
5.205740740883407 14.803152189236947 -11.663787142421256 
23.010524604893817 -5.603813285380298 5.0957371533739035 
-23.872218645237584 10.467019234029422 -8.586292499570558 
10.472909821102306 -12.393638565558533 20.16326741827433 
15.14091367706348 -29.858488929923457 3.313321117117553 
22.164081704406506 26.052163854694584 -23.71309897697165 
-25.70520686757181 23.24766757030273 -1.873695644293484 
16.70385401598714 -19.089751577664213 -22.407429264422298 
5.131035308843941 -28.036190781424743 21.98270742736667 
4.19211007078804 -22.748376790225706 -15.363464409550856 
5.743577088303091 4.06128581383269 -21.40299329739782 
0.5625708135297423 6.243953773672679 11.08059671843521 
-16.4340771408377 -0.513472647120711 -29.50523005367695 
-10.427365384015868 20.081016113950128 18.022177859787206 
-29.23375030101034 21.457144917887675 16.910963205224597 
-15.147194852910197 -0.3867471964847624 -13.409200235718796 
9.727911207122148 -25.36027065828142 27.347483847554315 
-22.306501363665134 -10.642880021705562 4.841096008476434 
-5.031312500094568 -7.637455587234648 26.805674758704015 
19.507652840585088 -1.1416654403862552 -14.313209805356983 
26.600039683070747 17.67083492213063 25.461350736193687 
16.49185261006658 6.723883181452308 -2.581471664351092 
-10.418156740529987 18.380697438387635 -1.9797721149828256 
-12.094738563092704 -18.555704402880227 -11.720650686707657 
2.0921236741386053 -4.9881139888991015 16.969891827457083 
-29.390843836836893 20.486952447642032 12.224071867998553 
15.41066015631737 -24.852310414310995 0.16253533389106423 
29.327202600354077 -26.89848575062637 27.033434190376468 
0.6457571707432059 7.380015379801328 -7.9049973024197016 
13.837807625255671 -1.5559947360049158 -17.949227866678456 
17.78202666774785 -7.6259623311596805 -14.41187423288489 
-15.81741806288065 -29.83220746468296 -22.296262950651847 
10.2612942604529 -5.901099048519491 17.58699172283402 
3.2746814130360278 -15.89063046012135 -5.354622252623777 
17.195196985930984 -26.924909297298008 -21.7131502979731 
17.276133913918677 4.037207046929602 25.09060824360504 
20.63181579302097 -19.640568529332327 -17.439399713192927 
8.39225429776846 -12.266039532131042 -28.467878091088277 
18.834883321234692 20.71807645254095 -0.8952301255627688 
22.555999808398276 -25.118021265230222 6.4538223534235115 
-29.217811230471057 6.238286187731717 19.490703882794726 
-5.632147194270097 28.164726602388136 -16.11208744343056 
2.0233511896502065 0.4912544087793833 17.484904005769465 
-13.301785875867342 22.841649537241302 5.365723989455887 
17.889628394743497 6.555698199674069 23.657881491903588 
6.123170069629161 -12.342542599060003 -11.261992923469435 
-13.945466033922969 16.2196964134019 -17.185082327674444 
9.249524360332963 23.655535242800184 -13.542356840793442 
-6.406603385891231 -13.928361769578459 4.614963445270526 
25.48825585920512 -20.099228919992385 8.8481953588117 
-17.816489421651383 24.786583117417187 3.7619780990661056 
25.42349954369714 -24.75960912395457 -26.32940922013536 
-14.934764697567282 10.011641217348298 -8.789932627898526 
-7.628807078585677 -17.167337080511505 2.030403579200758 
21.106718030629267 -19.156526059835933 5.581071498756728 
23.599121960743368 21.916530060071928 -4.818769221557957 
-18.448579547666306 17.57285737455954 15.406893235083167 
-20.942996734225215 0.9572735893160313 -10.503521506374746 
26.450255537249895 -3.7543179264701223 9.71004211075514 
-21.66173463774836 -8.120721428341831 19.871472500370764 
15.358950643849106 25.63130176667793 11.599826416578757 
26.2933858988539 -0.5462353128656581 -25.0636743861111 
-19.378703926327873 -1.2945684098022703 3.1735659179187934 
-17.25558705869001 -6.271286998854691 -4.777180596049714 
19.222760828260462 -17.920234657950083 28.343911241680658 
-13.404649815056885 1.9845976184401088 1.397073330542824 
10.615980935092466 22.03672204248017 22.2571958378497 
-16.273748517524343 -21.92777580844864 5.892976572053115 
28.72690511042653 -10.027981279113845 -8.202538771688857 
-25.5044358460636 -28.03354505321619 25.381070677705075 
-2.4537449902263333 13.890975600033244 -25.54930545288359 
-14.132362608088565 -16.16473327820966 8.417795550889572 
-27.646067103762 -1.3648214396531486 11.788081690770206 
-12.8853541830596 -22.456970786833466 -24.219457093560287 
-17.16392135896872 22.11007171694935 6.810884527684792 
24.889547884661376 6.7644777783973 -16.777690349251095 
17.65197775817846 3.604442260148126 -22.684723005375297 
19.118939806883077 2.5250235399538283 11.926711918491314 
11.304045598445406 10.47519737204209 18.16212770662883 
14.334927420619856 2.5221150083246684 -17.141766596455597 
-21.35527661994868 -18.890966501324137 6.06762970387112 
-24.95313026377628 3.4999704649269034 22.89133214254487 
-14.672983293218625 10.7157490617275 2.913309891474441 
2.9301187029680236 7.097632698302625 -28.883567034748232 
-14.23708644334428 20.8358498080254 -9.826753036926867 
5.264603608146928 -21.27987589446917 -2.838523282698308 
-2.5614060919316444 -8.347075267959497 8.77985136079171 
-5.620099180185445 -15.729849358901763 -20.532417797381914 
24.829049171701286 18.605552152140895 -26.741864976606966 
5.616071580696158 -10.29839319355829 -14.199697601324388 
-14.953731036135704 -17.970261674920742 -26.547902717671274 
22.7944079432531 8.113067900006044 -13.982953538271815 
2.766768105818983 -20.640455994102428 -22.858870167688963 
-19.777190114648576 -14.391163729705507 -1.700475354040524 
8.26966089154923 -19.412010145350393 -21.02966218772846 
-19.695416100822435 19.374361250077683 6.942912749007036 
22.71151353272723 7.756039749556834 -3.705340094142045 
-27.570180133723603 1.727099012808143 -14.419040512097993 
1.502925330292605 4.38604774999942 12.516689396903736 
-12.26326692187888 -28.01213206993147 5.495694881585592 
-11.701130789268245 -1.0287579949510999 2.763968396977617 
-2.364609549027257 -24.35751900180792 -22.45268771503833 
-25.628068493610318 28.528678038404948 13.732024577762274 
14.375690520064353 12.86902945047116 1.8957141655351215 
-2.167156149803862 13.109266222111607 -11.16818724780451 
20.224163367125165 23.24616942649027 -26.50442570931269 
-19.31874669832407 -16.380396396445317 12.243980115191398 
29.200822094266222 8.838078735703156 26.573938635710817 
11.878361635295313 15.07943523199772 29.895746834067346 
15.203658675563211 13.213736155520145 23.18881032649422 
-19.37392184623956 -19.096101861290222 -15.336516739559984 
11.705659677181806 -2.133112349970393 -15.31630733257915 
22.77230620933726 -5.048311181908577 -6.532701352820947 
-3.594781634533568 -17.628710968806843 27.065109397566054 
21.810367882501183 -1.4139137174440393 -19.20002505121201 
-23.301428796511125 23.221407585959604 22.03220527821231 
7.582084852084407 -7.067875878914851 -26.172546455429522 
-0.8911784551960551 26.158547361171763 -24.67932850034141 
-23.33444622353211 -6.188022997332457 3.7150669029821017 
20.20311183525125 -21.746583529049776 -2.7069731033615305 
27.243961937930884 -2.2817764348829748 14.154349175982013 
-24.00097900827218 14.90912680708265 27.41230827845917 
-6.042469562411249 -24.367750646436416 -2.167278836963547 
-20.950746792671072 -15.472909131837113 -11.644889701726594 
-2.2072138716892766 16.720816096421444 -20.014758165944826 
-10.976928863204456 -22.688551228207245 -3.53113055743011 
-16.952762251562927 -24.445412577013798 21.53092283066676 
-21.810159330652276 7.207840910942281 7.5091565312357815 
10.316222848203552 -25.844555511446707 -14.441019077469852 
-4.015104509254449 -5.187801679602405 -12.988471152513878 
-13.29716157984069 -14.046442145319535 13.04954667797248 
23.035204238531705 19.737495056844914 -8.304513571400886 
-7.797305927381927 -20.810441762545505 4.537753630884588 
-25.45679396004225 -8.848691354388137 -16.23713042274889 
-10.300408182094042 -25.39492611719272 -17.2433902011957 
28.454749847919018 -3.5901604043940516 -10.6929410214968 
-28.24807996747744 20.662008065191323 0.4016570010322731 
12.279740257112245 -22.65343402242495 18.266726954409343 
-1.4534531674540432 18.839531546371624 14.430161776334131 
-20.904958708651403 -21.395179377921757 -6.273582643127412 
19.082150794580997 7.265260439874552 -6.8169200971371815 
-10.97021582524253 12.93921112606526 10.258674399648157 
-23.717557017174357 28.25747577908743 -13.158619127792829 
-6.2097426984092685 -6.055691551422015 -8.332604369034971 
-26.18345255666775 18.41720627583924 -25.19387673663759 
5.060694298129619 17.407704684381947 22.20875802291699 
27.616380501349 24.299620543476173 -22.680319723456257 
-3.7435922409867146 -18.4519997828004 14.098689445517131 
-23.292281904585742 -0.8311379627998541 2.5816360722857183 
11.994118899355882 16.79808954893712 -3.2438859225960712 
28.295505516129268 17.692203507881914 20.165279176541105 
28.99797692526805 -14.141641247128359 -15.789631445433114 
-3.9070553946662834 -10.327723977686322 -12.929002834837952 
1.2444505738551435 2.1735047476405356 -19.888156518456437 
-29.967497822493232 -4.483709008567349 -25.098985675091853 
-11.091145481828455 26.98013079520409 -6.426824876974084 
22.620134593402504 16.80059431115923 -12.568143613310873 
-21.533128018802678 27.011212506170708 -9.176667207597507 
16.989612460114273 -6.307208673833117 -17.297745920442967 
-25.587394350838824 -7.34069811800876 -26.61224708786324 
-1.1726028328445466 -6.798537076933652 26.727444051149796 
-7.069698215926103 -21.098209838210188 -2.067563871661349 
6.757238277142903 -17.27081988912962 26.49640297869032 
3.4808758662137933 -21.214309845385717 20.148313936462927 
-14.52840851631903 10.136841894273772 -1.8287317731139368 
-10.451421846222154 7.827712301414408 -4.764928040901328 
-14.279311012118146 25.78305599226134 16.844194261972575 
12.992584635268827 15.258784133610071 -10.473005468345956 
-27.911168398160473 17.920282367336 -5.4308638970224195 
24.954986781540917 -28.34114277394647 -4.183939859948865 
4.214831375533876 -15.447774628702579 -17.321779392235527 
15.559745125000703 23.662864475745025 -1.18649804068475 
1.4298788657929364 12.898905887055477 -9.802190118670225 
5.164103877518173 -16.974280966375794 19.786877134515898 
3.787926095411983 0.7104196733113426 16.233904937515398 
6.595479397640453 -15.027939346438151 27.07185488142673 
28.691327130953994 18.841481527061717 6.815348000931394 
15.86239516408073 29.25907119347501 20.05829025767207 
7.997234655396426 1.7564241074156257 -27.801288340206625 
-7.150508561763175 10.456511810688333 -18.655584855188756 
12.845951009074433 -26.515210812820357 -2.1831421034933527 
-13.707168307991314 -23.73672084531976 -1.4415231857141322 
14.112727532708199 19.434381505467577 -5.063650830941928 
-2.067531043464573 -12.717590872760645 -18.13368358002841 
-26.49307753264617 25.20074493519799 -22.189835476817642 
12.946154922670239 20.63091455371211 7.890101441709035 
-24.961815799801315 -8.765048796258569 10.748396143471695 
3.411719406048981 25.62463181377072 -26.910180039845294 
-12.231572790845291 -24.370693996882387 -3.252107705925795 
-16.0397731230332 -23.619705321565437 -9.068426433719598 
-8.433084724030493 14.322943736188222 -16.934082324900285 
8.158565749904454 -20.24088177435531 9.70974277703742 
8.712971452092361 -20.229655881942694 -12.979456344387948 
7.489931452287806 12.44132441167406 4.6207681148560695 
14.990400578657649 -9.831062053185594 15.023312443928099 
-24.048494451050324 -22.41293961255316 1.5934987071440574 
-14.22488747674725 -29.848378540216103 -1.8832975169321884 
-11.35010650736168 24.098400699060157 -14.669166827204581 
-29.049841683452687 20.97867297856103 -15.899792106054422 
